41.14466534533122 -8.586868995272347 0
41.1446885 -8.586841200000002 0
41.1449506 -8.5865495 0
41.145158800000004 -8.5863356 0
41.145238299999995 -8.586247000000002 0
41.14541798270106 -8.58608697378993 0
41.1454778 -8.5860337 0
41.1457303 -8.5858414 0
41.14577639999999 -8.5858145 0
41.1459476 -8.5857606 0
41.146047599999996 -8.585705700000002 0
41.1461465 -8.5856591 0
41.146430800000005 -8.5854552 0
41.14672949999999 -8.585211800000002 0
41.146707299999996 -8.585126099999998 0
41.146819099999995 -8.5850332 0
41.14692 -8.584968100000001 0
41.147053643443954 -8.584902973343695 0
41.147124999999996 -8.584868199999999 0
41.14755868767502 -8.584650630647417 0
41.1482865 -8.584285499999998 0
41.148688199999995 -8.584216399999999 0
41.149494399999995 -8.5839359 0
41.1503814 -8.5836919 0
41.1504731 -8.5836656 0
41.1506317 -8.5836357 0
41.150641918916996 -8.583634129776913 0
41.150672699999994 -8.583629399999998 0
41.15070279999999 -8.5836142 0
41.15072550000001 -8.583596 0
41.1507576 -8.583561800000002 0
41.1507678 -8.5835496 0
41.150794499999996 -8.5835027 0
41.150839 -8.5834043 0
41.151038899999996 -8.582932 0
41.1511254 -8.5827647 0
41.151439599999996 -8.5822854 0
41.151497500000005 -8.582178899999999 0
41.1519583 -8.5823452 0
41.1522351 -8.5824423 0
41.152387999999995 -8.5825141 0
41.1525195 -8.5825918 0
41.1526033 -8.58265 0
41.15266229999999 -8.5826984 0
41.1527411 -8.582791299999998 0
41.1528151 -8.5828873 0
41.1529695 -8.583133799999999 0
41.15300949999999 -8.5831834 0
41.153048999999996 -8.583219800000002 0
41.1530795 -8.583244300000002 0
41.1531126 -8.5832652 0
41.1531623 -8.5832873 0
41.1531995 -8.583300000000001 0
41.153259899999995 -8.583309500000002 0
41.1533216 -8.583303299999999 0
41.153379099999995 -8.5832857 0
41.1534236 -8.583263 0
41.1534644 -8.5832388 0
41.15355819999999 -8.5831514 0
41.16397977267285 -8.580289043471359 0
41.1639921 -8.5801867 0
41.1640144 -8.5799357 0
41.1640228 -8.5798575 0
41.1640351 -8.579779900000002 0
41.164054799999995 -8.5797017 0
41.16408199999999 -8.5796193 0
41.1641176 -8.579537000000002 0
41.16413529999999 -8.5794979 0
41.1641699 -8.579443699999999 0
41.164215299999995 -8.5793845 0
41.1642716 -8.579322099999999 0
41.164291399999996 -8.579302600000002 0
41.164407399999995 -8.579212499999997 0
41.164729900000005 -8.578878999999999 0
41.164861599999995 -8.5787163 0
41.1649628 -8.5786005 0
41.1650202 -8.5785203 0
41.1651019 -8.578379199999999 0
41.1653122271734 -8.57794427480657 0
41.17556838808103 -8.566579023491977 0
41.205240276279625 -8.557675119372297 0
41.222105783877886 -8.550741731490811 0
41.221917100000006 -8.550643500000001 0
41.2217408 -8.5505476 0
41.2217138 -8.5505386 0
41.2216884 -8.550536299999997 0
41.2216579 -8.5505379 0
41.221539199999995 -8.550579400000002 0
41.221478999999995 -8.5505943 0
41.22143979999999 -8.550514999999997 0
41.2213725 -8.550398 0
41.221303999999996 -8.5502929 0
41.2212331 -8.5501884 0
41.2211873 -8.5501317 0
41.2211593 -8.550095999999998 0
41.2210879 -8.5500192 0
41.2210385 -8.549975900000002 0
41.22101159999999 -8.549956499999999 0
41.220954299999995 -8.5499256 0
41.220873000000005 -8.549893899999999 0
41.220829099999996 -8.549880799999999 0
41.2208314 -8.5498481 0
41.2208372 -8.549824200000002 0
41.2208508 -8.549795199999998 0
41.22099490000001 -8.5495694 0
41.2212177 -8.5492127 0
41.2215305 -8.548703300000001 0
41.221553899999996 -8.5486766 0
41.22157190000001 -8.548664100000002 0
41.22131859999999 -8.5482835 0
41.2212765 -8.548218799999999 0
41.221247 -8.5481642 0
41.22123009999999 -8.5481281 0
41.221179500000005 -8.547981700000001 0
41.2210982 -8.547754800000002 0
41.221086899999996 -8.5476967 0
41.2210806 -8.5476381 0
41.218762972151346 -8.532000536392253 0
41.218700399999996 -8.5319364 0
41.218642499999994 -8.531881099999998 0
41.2184719 -8.5317285 0
41.2184172 -8.531682600000002 0
41.2183351 -8.5316175 0
41.2182186 -8.5315347 0
41.218145899999996 -8.5314923 0
41.217953599999994 -8.5313871 0
41.2176962 -8.5312321 0
41.215307443842704 -8.527834166829912 0
41.2152695 -8.5278039 0
41.2152216 -8.527754100000001 0
41.215149100000005 -8.5276733 0
41.2150791 -8.5275834 0
41.2150299 -8.5275116 0
41.2150047 -8.5274675 0
41.21498689999999 -8.527407099999998 0
41.2149855 -8.527389900000001 0
41.2149875 -8.527369499999999 0
41.214992099999996 -8.527356 0
41.2149992 -8.5273417 0
41.21502699999999 -8.527306699999999 0
41.214862600000004 -8.5267333 0
41.214795599999995 -8.526486799999999 0
41.214783800000006 -8.526457200000001 0
41.21476869999999 -8.526430399999999 0
41.214751 -8.5264071 0
41.21472409999999 -8.526382299999998 0
41.2147065 -8.526370100000001 0
41.2146851 -8.5263603 0
41.2145774 -8.526324 0
41.2145108 -8.526296799999999 0
41.214457 -8.526270900000002 0
41.2144147 -8.5262443 0
41.21440840541722 -8.526239217896656 0
41.2143903 -8.526224599999999 0
41.214352000000005 -8.526187 0
41.214326500000006 -8.526157699999999 0
41.2143035 -8.526127599999999 0
41.214272199999996 -8.526077799999998 0
41.2142456 -8.5260273 0
41.2141994 -8.525924999999999 0
41.2142724 -8.525781799999997 0
41.2143474 -8.525656399999999 0
41.214397399999996 -8.525569100000002 0
41.2145499 -8.5252863 0
41.21471090000001 -8.5250057 0
41.2148378 -8.524775 0
41.214756799999996 -8.5247263 0
41.2145758 -8.5246355 0
41.214528699999995 -8.5246151 0
41.214475799999995 -8.5245965 0
41.21443609999999 -8.524580199999999 0
41.214374899999996 -8.5245978 0
41.214267199999995 -8.524574099999999 0
41.2139655 -8.5245078 0
41.2138099 -8.524464799999999 0
41.2135952 -8.524410399999999 0
41.21350049999999 -8.524379900000001 0
41.21343159999999 -8.524355099999998 0
41.213377799999996 -8.5243246 0
41.2132989 -8.524240599999999 0
41.2132076 -8.5241207 0
41.21316929999999 -8.524063 0
41.2131708 -8.5239914 0
41.2130357 -8.5235948 0
41.212897999999996 -8.523145500000002 0
41.2128714 -8.523083999999997 0
41.21285609902445 -8.52305555705337 0
41.2128225 -8.5229931 0
41.2127845 -8.5229357 0
41.2127622 -8.5229052 0
41.212405 -8.522509699999999 0
41.2123669 -8.522456599999998 0
41.2123176 -8.522376099999997 0
41.2122798 -8.522301600000002 0
41.21225209999999 -8.522234899999999 0
41.2122281 -8.522164499999999 0
41.2122153 -8.5221217 0
41.2121873 -8.5219965 0
41.2121352 -8.521740500000002 0
41.2121071 -8.5216298 0
41.2120876 -8.5215658 0
41.212061299999995 -8.5214988 0
41.212030899999995 -8.521434900000001 0
41.21199949999999 -8.5213808 0
41.211951299999996 -8.5213083 0
41.211926999999996 -8.521276600000002 0
41.2118776 -8.5212148 0
41.2117583 -8.5210831 0
41.2082252 -8.515548299999999 0
41.208149399999996 -8.515445399999999 0
41.208127399999995 -8.515411799999999 0
41.207994899999996 -8.5152378 0
41.207948599999995 -8.5151682 0
41.2078947 -8.5150755 0
41.2073688 -8.514294099999999 0
41.2072285 -8.5140893 0
41.206973399999995 -8.513709 0
41.206877899999995 -8.5135647 0
41.2067942 -8.513441799999999 0
41.206256599999996 -8.5126347 0
41.2059937 -8.512224 0
41.20591979999999 -8.512109200000001 0
41.205817800000005 -8.511950400000002 0
41.2056675 -8.511714 0
41.2055481 -8.511531999999999 0
41.2048298 -8.510467299999998 0
41.2043032 -8.509677700000001 0
41.204156499999996 -8.5094585 0
41.203859099999995 -8.509008599999998 0
41.2037348 -8.5088222 0
41.203604000000006 -8.5086262 0
41.2030783 -8.5077889 0
41.20282900000001 -8.5073791 0
41.2027702 -8.5073021 0
41.202590699999995 -8.507002000000002 0
41.202374199999994 -8.5067013 0
41.2023356 -8.506655 0
41.2022637 -8.5066103 0
41.2022447 -8.506606999999999 0
41.2022292 -8.506644399999999 0
41.202219899999996 -8.5066604 0
41.202197399999996 -8.506687500000002 0
41.2021708 -8.506707 0
41.2021565 -8.5067136 0
41.2021339 -8.5067183 0
41.20212 -8.5067199 0
41.2020898 -8.506714800000001 0
41.2020614 -8.506700599999999 0
41.202036299999996 -8.506677999999997 0
41.202025299999995 -8.506663999999997 0
41.2020075 -8.5066314 0
41.2020008 -8.5066132 0
41.201992399999995 -8.5065744 0
41.201991 -8.506534199999999 0
41.19948169999999 -8.506399499999999 0
41.19864319999999 -8.504560699999999 0
41.198632599999996 -8.5045511 0
41.198599 -8.504529900000001 0
41.1985624 -8.504493099999998 0
41.198538899999996 -8.5044601 0
41.198525 -8.504435299999999 0
41.1985123 -8.504405599999998 0
41.1984376 -8.5042005 0
41.19826873283745 -8.50370827182708 0
41.1982097 -8.503536200000001 0
41.1981365 -8.5033174 0
41.1979721 -8.5028418 0
41.1979156 -8.502664300000001 0
41.19789240000001 -8.502567899999999 0
41.197887099999996 -8.5025388 0
41.197889499999995 -8.501879800000001 0
41.197549599999995 -8.5018237 0
41.1974192 -8.5017982 0
41.197399999999995 -8.501789500000001 0
41.19738280000001 -8.5017759 0
41.197366900000006 -8.501756799999999 0
41.1973505 -8.5017257 0
41.1973466 -8.5017144 0
41.197290599999995 -8.5014552 0
41.197276099999996 -8.5012852 0
41.19727090000001 -8.50118 0
41.1972531 -8.5009169 0
41.197227399999996 -8.5006013 0
41.19721219999999 -8.5003511 0
41.197134899999995 -8.5002744 0
41.19704219999999 -8.500208999999998 0
41.1969401 -8.5001563 0
41.1968368 -8.500081299999998 0
41.19677420000001 -8.499986999999999 0
41.196754899999995 -8.4999475 0
41.196737500000005 -8.4999044 0
41.196716099999996 -8.4998373 0
41.196713615782805 -8.49982833987863 0
41.196683799999995 -8.499720800000002 0
41.196614 -8.4993607 0
41.1965941 -8.4992543 0
41.19658299999999 -8.4991791 0
41.19657935681516 -8.499134681123925 0
41.1965778 -8.4991157 0
41.1965773 -8.4990622 0
41.1965814 -8.499011099999999 0
41.196587699999995 -8.498956699999999 0
41.1965996 -8.4988998 0
41.1966161 -8.4988437 0
41.196646699999995 -8.4987602 0
41.196724499999995 -8.4985847 0
41.1969084 -8.498256000000001 0
41.1966573 -8.4980581 0
41.196241500000006 -8.4977172 0
41.19580726210719 -8.497364581422303 0
41.1956201 -8.4972126 0
41.1955992 -8.497188999999999 0
41.1955807 -8.497158 0
41.1955682 -8.497125599999999 0
41.195560799999996 -8.4971 0
41.1955598 -8.497059499999999 0
41.195713 -8.4967004 0
41.195825899999996 -8.496429400000002 0
41.195923199999996 -8.4962181 0
41.1958901 -8.4961986 0
41.19585949999999 -8.496175599999997 0