41.1509954 -8.6068049 0
41.1509869 -8.6067066 0
41.150993799999995 -8.6063416 0
41.1509965 -8.6056819 0
41.1509913 -8.6053179 0
41.1532997 -8.6024038 0
41.154566599999995 -8.6024865 0
41.1547384 -8.6025001 0
41.1551973 -8.6025448 0
41.1555624 -8.602601 0
41.1559318 -8.6024579 0
41.1558564 -8.6021053 0
41.155851299999995 -8.6020576 0
41.1558511 -8.602019499999999 0
41.1558651 -8.601961600000001 0
41.155917800000005 -8.601811099999999 0
41.166614599999996 -8.584197 0
41.166633399999995 -8.584272399999998 0
41.166660799999995 -8.5844086 0
41.16668279999999 -8.5845471 0
41.1666976 -8.584666 0
41.1667085 -8.584771500000002 0
41.16672807790102 -8.585225878216196 0
41.15994668512632 -8.648634750950613 0
41.1598104 -8.648520900000001 0
41.15961649999999 -8.6483642 0
41.1587914 -8.647661899999997 0
41.15869200558858 -8.647573538920227 0
41.154519 -8.6451424 0
41.1543014 -8.6450493 0
41.153851499999995 -8.644841999999999 0
41.1536007 -8.644699799999998 0
41.153467899999995 -8.6446181 0
41.153348799999996 -8.6445355 0
41.153234917013094 -8.644452107637258 0
41.15323039999999 -8.6444488 0
41.153210325755126 -8.644432551984739 0
41.1531197 -8.6443592 0
41.152889699999996 -8.644158499999998 0
41.15275169979204 -8.644031343611557 0
41.152703900000006 -8.6439873 0
41.1524018 -8.643643500000001 0
41.1522277 -8.643417099999999 0
41.1519712 -8.643031600000002 0
41.151816499999995 -8.6427775 0
41.1515803 -8.642385599999999 0
41.1514856 -8.642242099999999 0
41.1513831 -8.6420994 0
41.151323899999994 -8.642023499999997 0
41.151250899999994 -8.641938 0
41.1511985 -8.641871199999999 0
41.1510673 -8.641727399999999 0
41.1509679 -8.6416293 0
41.1508299 -8.641507500000001 0
41.1507232 -8.641422799999999 0
41.15061430000001 -8.641344499999999 0
41.150540799999995 -8.641295099999997 0
41.1504068 -8.641211799999999 0
41.15027310000001 -8.641132 0
41.1500705 -8.641040600000002 0
41.1497877 -8.6409481 0
41.1496827 -8.6409188 0
41.1495377 -8.6408826 0
41.1494425 -8.640861299999997 0
41.108223961474 -8.605097536695633 0
41.3247266096695 -8.517660473520147 0
41.324735013389834 -8.517661170210621 0
41.324973 -8.5176809 0
41.32523299999999 -8.517673799999999 0
41.325525500000005 -8.517659000000002 0
41.325638997814025 -8.517657561042256 0
41.32564519985315 -8.517657482410888 0
41.3256517 -8.5176574 0
41.3259915 -8.517620299999999 0
41.326201600000005 -8.517591099999999 0
41.3265342 -8.5175242 0
41.3269632 -8.517408699999997 0
41.3271243 -8.517362799999999 0
41.3272675 -8.5173179 0
41.32737507407617 -8.517281421010987 0
41.32737639052628 -8.517280974594401 0
41.3274465 -8.5172572 0
41.3276231 -8.5171908 0
41.32783219999999 -8.5171055 0
41.327979299999996 -8.517041400000002 0
41.32810550000001 -8.516983000000002 0
41.3284295 -8.5168163 0
41.3285755 -8.5167353 0
41.328766400000006 -8.5166221 0
41.32879250639108 -8.516605569225517 0
41.328927799999995 -8.5165199 0
41.3291506 -8.5163732 0
41.3293617 -8.516219699999999 0
41.3295252 -8.5160945 0
41.329552808051524 -8.516072658930902 0
41.329676000000006 -8.5159752 0
41.32979139999999 -8.515877800000002 0
41.3299185 -8.515767499999997 0
41.3301885 -8.515519399999997 0
41.3303892 -8.51532 0
41.330552999999995 -8.515146999999999 0
41.3307004 -8.5149855 0
41.330813188168754 -8.514853326515617 0
41.330866799999995 -8.5147905 0
41.331016399999996 -8.5146111 0
41.3311468 -8.5144433 0
41.331288699999995 -8.514252 0
41.33139362699881 -8.51410519207048 0
41.33142899999999 -8.514055699999998 0
41.3316973 -8.5136558 0
41.3319912 -8.513175299999999 0
41.33201361858211 -8.51313764367693 0
41.332177900000005 -8.512861700000002 0
41.3324202 -8.5124484 0
41.3326669 -8.512033200000001 0
41.33275681325338 -8.511887595367815 0
41.3328051 -8.511809399999999 0
41.332943400000005 -8.511597600000002 0
41.3331082 -8.511363299999998 0
41.3332814 -8.5111306 0
41.333420499999995 -8.5109549 0
41.3335633 -8.51079 0
41.33378295036368 -8.510545431531316 0
41.33541580197777 -8.50916431176364 0
41.3354673 -8.509130400000002 0
41.335814299999996 -8.508929499999999 0
41.3360772 -8.5087923 0
41.336131567557274 -8.50876646642241 0
41.3362725 -8.508699499999997 0
41.336536599999995 -8.5085823 0
41.33675710752442 -8.508493910573085 0
41.3368911 -8.508440199999999 0
41.33745719999999 -8.5082466 0
41.3381308 -8.508034100000001 0
41.3384733 -8.5079093 0
41.338876765644045 -8.507774787033918 0
41.339017399999996 -8.507727899999999 0
41.3392408 -8.5076424 0
41.33939489999999 -8.507589699999999 0
41.339577399999996 -8.507521299999999 0
41.3400838 -8.5073225 0
41.3402650412287 -8.507246970580717 0
41.340265098280504 -8.507246946805203 0
41.3457072 -8.505496799999998 0
41.3458986 -8.505509500000002 0
41.346009699999996 -8.5055208 0
41.34622908863543 -8.505547580579714 0
41.346278399999996 -8.505553599999997 0
41.3464603 -8.5055844 0
41.346573400000004 -8.5056106 0
41.3467311 -8.505643300000001 0
41.3469012 -8.5056891 0
41.34693321493143 -8.505698697023643 0
41.3471167 -8.5057537 0
41.3472948 -8.505814599999999 0
41.34756637232806 -8.505919272483874 0
41.3475776 -8.505923599999997 0
41.3478241 -8.506029800000002 0
41.348223 -8.5062182 0
41.34838125192805 -8.506292230429452 0
41.3487681 -8.506473199999999 0
41.34905949999999 -8.5066031 0
41.34916797366674 -8.506648540394858 0
41.3491748 -8.506651399999999 0
41.349345199999995 -8.5067159 0
41.3495238 -8.5067805 0
41.349633999999995 -8.5068158 0
41.349848900000005 -8.5068773 0
41.34988734536054 -8.506886643201144 0
41.34988835537327 -8.506886888660096 0
41.35008549999999 -8.506934799999998 0
41.350338 -8.5069851 0
41.3505001 -8.5070076 0
41.350572498746835 -8.507015277023898 0
41.3507038 -8.5070292 0
41.3509526 -8.5070517 0
41.351074499999996 -8.507056799999999 0
41.351316399999995 -8.5070567 0
41.351493500000004 -8.507050399999999 0
41.3517705 -8.5070305 0
41.351935000000005 -8.507012300000001 0
41.35196518288027 -8.507007757717869 0
41.351966822662305 -8.507007510943664 0
41.352077200000004 -8.5069909 0
41.352289000000006 -8.5069518 0
41.352340100000006 -8.5069426 0
41.352466899999996 -8.506914799999999 0
41.3526086 -8.506880899999999 0
41.352756500000005 -8.5068427 0
41.353055399999995 -8.5067494 0
41.35330971917485 -8.506650590946286 0
41.35331117291833 -8.506650026130025 0
41.3533447 -8.506637 0
41.3535176 -8.5065647 0
41.3536635 -8.5064952 0
41.3538048 -8.506424700000002 0
41.3539982 -8.506320799999997 0
41.3541782 -8.506216300000002 0
41.3542843 -8.506151299999999 0
41.3545984 -8.5059411 0
41.3547194 -8.5058549 0
41.3549053 -8.505712599999999 0
41.3550999 -8.5055518 0
41.35532200000001 -8.505355 0
41.35539467885849 -8.50528630227344 0
41.35552829999999 -8.505160000000002 0
41.355725199999995 -8.5049554 0
41.35590080023385 -8.504766165417966 0
41.355904163271525 -8.504762541246526 0
41.35591709999999 -8.5047486 0
41.35610339999999 -8.5045249 0
41.356282199999995 -8.5042977 0
41.35637688026556 -8.504167340924297 0