41.34048 -8.55534 0
41.34154 -8.55528 0
41.34158 -8.55527 0
41.34154 -8.55511 0
41.3415 -8.55504 0
41.34144 -8.55486 0
41.34143 -8.5548 0
41.34143 -8.55468 0
41.34144 -8.55457 0
41.34147 -8.55443 0
41.34151 -8.55429 0
41.34155 -8.55418 0
41.34156 -8.5541 0
41.34156 -8.55402 0
41.34154 -8.55378 0
41.34148 -8.55339 0
41.34151 -8.55328 0
41.34154 -8.55313 0
41.34158 -8.55276 0
41.34153 -8.55272 0
41.34149 -8.5527 0
41.34101 -8.55233 0
41.34083 -8.55225 0
41.34071 -8.55223 0
41.34067 -8.55221 0
41.34045 -8.55215 0
41.34022 -8.55206 0
41.33934 -8.55167 0
41.3392 -8.55159 0
41.33909 -8.55156 0
41.33918 -8.55136 0
41.33919 -8.55132 0
41.33928 -8.55057 0
41.33933 -8.55042 0
41.33936 -8.55037 0
41.33945 -8.55018 0
41.33971 -8.54981 0
41.33969 -8.54979 0
41.33964 -8.54965 0
41.33964 -8.54952 0
41.33965 -8.54951 0
41.33965 -8.54949 0
41.33966 -8.54947 0
41.33966 -8.54946 0
41.33967 -8.54944 0
41.33967 -8.54943 0
41.3397 -8.54938 0
41.33972 -8.54936 0
41.33974 -8.54935 0
41.33976 -8.54933 0
41.33982 -8.5493 0
41.33984 -8.5493 0
41.33986 -8.54929 0
41.33988 -8.5493 0
41.33991 -8.5493 0
41.33997 -8.54933 0
41.34001 -8.54937 0
41.34004 -8.54941 0
41.34024 -8.54919 0
41.34029 -8.54912 0
41.34035 -8.549 0
41.34054 -8.548 0
41.34054 -8.5478 0
41.34048 -8.54752 0
41.34029 -8.54695 0
41.34027 -8.54687 0
41.34023 -8.54661 0
41.34022 -8.54646 0
41.34022 -8.54626 0
41.34038 -8.54461 0
41.34039 -8.54401 0
41.34038 -8.54382 0
41.34035 -8.5437 0
41.34029 -8.5437 0
41.34028 -8.54369 0
41.34027 -8.54369 0
41.34026 -8.54368 0
41.34025 -8.54368 0
41.34024 -8.54367 0
41.34024 -8.54366 0
41.34023 -8.54365 0
41.34022 -8.54365 0
41.34021 -8.54363 0
41.3402 -8.54362 0
41.3402 -8.54361 0
41.34019 -8.5436 0
41.34019 -8.54358 0
41.34018 -8.54357 0
41.34018 -8.54352 0
41.34017 -8.54351 0
41.34017 -8.5435 0
41.34018 -8.54348 0
41.34018 -8.54344 0
41.34019 -8.54343 0
41.34019 -8.54341 0
41.3402 -8.5434 0
41.3402 -8.54339 0
41.34021 -8.54338 0
41.34021 -8.54337 0
41.34026 -8.54332 0
41.34027 -8.54332 0
41.34028 -8.54331 0
41.34036 -8.54331 0
41.34037 -8.54332 0
41.34039 -8.54322 0
41.34042 -8.54271 0
41.34042 -8.54226 0
41.34038 -8.54106 0
41.34038 -8.5407 0
41.34029 -8.5402 0
41.34021 -8.53994 0
41.33994 -8.53931 0
41.3377 -8.5344 0
41.33714 -8.53304 0
41.33693 -8.53242 0
41.33688 -8.53224 0
41.33671 -8.53174 0
41.33666 -8.53162 0
41.33654 -8.5314 0
41.33645 -8.53127 0
41.3364 -8.53121 0
41.33566 -8.53044 0
41.33564 -8.5304 0
41.33557 -8.53029 0
41.33553 -8.53021 0
41.33549 -8.53011 0
41.33545 -8.52997 0
41.33538 -8.52925 0
41.33536 -8.52891 0
41.33537 -8.52861 0
41.3354 -8.52847 0
41.33546 -8.52832 0
41.33549 -8.52827 0
41.33555 -8.52819 0
41.33563 -8.52811 0
41.33577 -8.52803 0
41.33659 -8.52774 0
41.33677 -8.52766 0
41.33694 -8.52754 0
41.33711 -8.52738 0
41.3372 -8.52727 0
41.33856 -8.52542 0
41.33878 -8.52504 0
41.33881 -8.52493 0
41.3388 -8.52493 0
41.33877 -8.5249 0
41.33876 -8.5249 0
41.33876 -8.52489 0
41.33875 -8.52487 0
41.33873 -8.52485 0
41.33873 -8.52484 0
41.33872 -8.52482 0
41.33872 -8.52481 0
41.33871 -8.5248 0
41.33871 -8.52475 0
41.3387 -8.52474 0
41.3387 -8.52472 0
41.33871 -8.5247 0
41.33871 -8.52466 0
41.33872 -8.52464 0
41.33872 -8.52463 0
41.33873 -8.52462 0
41.33873 -8.5246 0
41.33878 -8.52455 0
41.33878 -8.52454 0
41.33879 -8.52454 0
41.33881 -8.52453 0
41.33882 -8.52452 0
41.33885 -8.52452 0
41.33886 -8.52451 0
41.33887 -8.52451 0
41.33888 -8.52452 0
41.33891 -8.52452 0
41.33892 -8.52453 0
41.33893 -8.52453 0
41.33895 -8.52455 0
41.33896 -8.52455 0
41.33898 -8.52457 0
41.33898 -8.52458 0
41.33899 -8.5246 0
41.339 -8.52461 0
41.33901 -8.52463 0
41.33906 -8.5246 0
41.33911 -8.52455 0
41.3392 -8.52443 0
41.33926 -8.52433 0
41.33931 -8.52422 0
41.33964 -8.52305 0
41.33971 -8.52274 0
41.33975 -8.52238 0
41.33978 -8.52174 0
41.33978 -8.52138 0
41.33968 -8.52079 0
41.33948 -8.51995 0
41.33947 -8.51987 0
41.33947 -8.51979 0
41.33946 -8.51971 0
41.33946 -8.51962 0
41.33955 -8.51858 0
41.33958 -8.51798 0
41.33952 -8.51284 0
41.3393 -8.5107 0
41.33915 -8.50948 0
41.33912 -8.50879 0
41.33916 -8.50742 0
41.33915 -8.50735 0
41.33915 -8.50698 0
41.3391 -8.50675 0
41.33906 -8.50663 0
41.33901 -8.50655 0
41.33895 -8.50649 0
41.33885 -8.50641 0
41.33878 -8.50639 0
41.33872 -8.50638 0
41.33858 -8.50638 0
41.33846 -8.50634 0
41.33836 -8.50636 0
41.33827 -8.50639 0
41.33819 -8.50643 0
41.33806 -8.50648 0
41.33803 -8.50648 0
41.33794 -8.50652 0
41.33751 -8.50661 0
41.33739 -8.50662 0
41.33726 -8.5066 0
41.3371 -8.50661 0
41.33706 -8.50662 0
41.33701 -8.50662 0
41.33693 -8.50664 0
41.33672 -8.50671 0
41.3366 -8.50677 0
41.33653 -8.50684 0
41.33646 -8.50693 0
41.33638 -8.50706 0
41.33634 -8.50717 0
41.33632 -8.50725 0
41.3363 -8.50738 0
41.33631 -8.50772 0
41.33656 -8.50946 0
41.33656 -8.50971 0
41.33653 -8.50986 0
41.33651 -8.50992 0
41.33645 -8.51004 0
41.33636 -8.51015 0
41.33632 -8.51018 0
41.33621 -8.51024 0
41.33612 -8.51026 0
41.33601 -8.51026 0
41.33596 -8.51024 0
41.33592 -8.51023 0
41.33581 -8.51018 0
41.33555 -8.51001 0
41.33533 -8.50991 0
41.33515 -8.50988 0
41.335 -8.50988 0
41.33485 -8.50992 0
41.33469 -8.50998 0
41.3346 -8.51003 0
41.33445 -8.51007 0
41.33409 -8.5104 0
41.33351 -8.51103 0
41.3333 -8.5113 0
41.33277 -8.51209 0
41.33227 -8.51297 0
41.3317 -8.51389 0
41.33129 -8.51448 0
41.331 -8.51485 0
41.33035 -8.51556 0
41.32994 -8.51596 0
41.32962 -8.51622 0
41.32906 -8.51663 0
41.32879 -8.51681 0
41.32854 -8.51696 0
41.32805 -8.51721 0
41.32772 -8.51736 0
41.32747 -8.51746 0
41.32676 -8.51768 0
41.32604 -8.51781 0
41.32567 -8.51784 0
41.32516 -8.51786 0
41.32436 -8.51781 0
41.32372 -8.5177 0
41.32343 -8.51763 0
41.32298 -8.51749 0
41.32254 -8.51732 0
41.32213 -8.51713 0
41.32108 -8.51658 0
41.32059 -8.51636 0
41.31998 -8.51617 0
41.31978 -8.51613 0
41.31912 -8.51604 0
41.3185 -8.51607 0
41.318 -8.51615 0
41.31737 -8.51634 0
41.31716 -8.51643 0
41.3168 -8.51661 0
41.31656 -8.51675 0
41.31634 -8.5169 0
41.31596 -8.5172 0
41.31526 -8.51792 0
41.31481 -8.51849 0
41.31452 -8.51892 0
41.31431 -8.51927 0
41.31408 -8.5197 0
41.314 -8.51991 0
41.31386 -8.52023 0
41.31348 -8.52138 0
41.31333 -8.52193 0
41.31307 -8.52272 0
41.31282 -8.52329 0
41.31256 -8.52383 0
41.31228 -8.52434 0
41.31208 -8.52466 0
41.3115 -8.52538 0
41.31121 -8.52569 0
41.31049 -8.52629 0
41.31016 -8.52649 0
41.30966 -8.52676 0
41.3082 -8.52739 0
41.30763 -8.52772 0
41.30712 -8.52813 0
41.30693 -8.5283 0
41.30646 -8.52881 0
41.30615 -8.52919 0
41.30596 -8.52946 0
41.30573 -8.52984 0
41.3054 -8.53047 0
41.30514 -8.53109 0
41.305 -8.53149 0
41.30485 -8.532 0
41.30472 -8.53257 0
41.30439 -8.53423 0
41.30427 -8.53463 0
41.30409 -8.53513 0
41.3039 -8.53557 0
41.30383 -8.53571 0
41.30357 -8.53617 0
41.30341 -8.53641 0
41.30308 -8.53684 0
41.3027 -8.53724 0
41.30254 -8.53739 0
41.30233 -8.53756 0
41.30207 -8.53775 0
41.30167 -8.53798 0
41.30131 -8.53813 0
41.3013 -8.53814 0
41.30116 -8.53819 0
41.30078 -8.5383 0
41.30049 -8.53835 0
41.29961 -8.53843 0
41.29954 -8.53843 0
41.29913 -8.53848 0
41.29871 -8.53855 0
41.29834 -8.53865 0
41.29768 -8.53887 0
41.29753 -8.53893 0
41.29752 -8.53894 0
41.29733 -8.53902 0
41.29691 -8.53923 0
41.29656 -8.53944 0
41.29603 -8.53981 0
41.29572 -8.54006 0
41.29546 -8.54029 0
41.29518 -8.54056 0
41.29461 -8.54118 0
41.29402 -8.54199 0
41.29384 -8.54227 0
41.29351 -8.54283 0
41.29339 -8.54308 0
41.29337 -8.54311 0
41.29163 -8.54654 0
41.28935 -8.5513 0
41.28931 -8.55137 0
41.28822 -8.5536 0
41.28812 -8.55378 0
41.28717 -8.55571 0
41.28663 -8.55663 0
41.286 -8.55753 0
41.28524 -8.55842 0
41.28451 -8.55912 0
41.28434 -8.55926 0
41.28427 -8.55933 0
41.28393 -8.5596 0
41.28359 -8.55984 0
41.28279 -8.56034 0
41.28181 -8.56079 0
41.28141 -8.56093 0
41.28095 -8.56107 0
41.28059 -8.56116 0
41.28021 -8.56123 0
41.27982 -8.56128 0
41.27918 -8.56132 0
41.27881 -8.56132 0
41.27843 -8.5613 0
41.27804 -8.56126 0
41.27733 -8.56114 0
41.27679 -8.561 0
41.27505 -8.56038 0
41.27493 -8.56033 0
41.27453 -8.56019 0
41.27416 -8.56009 0
41.27365 -8.55999 0
41.27325 -8.55993 0
41.27287 -8.55991 0
41.27249 -8.55991 0
41.27197 -8.55994 0
41.27134 -8.56004 0
41.27085 -8.56017 0
41.27033 -8.56036 0
41.26997 -8.56051 0
41.26955 -8.56072 0
41.26535 -8.56306 0
41.26524 -8.56313 0
41.26084 -8.56561 0
41.25814 -8.56707 0
41.25761 -8.56734 0
41.25666 -8.56777 0
41.25562 -8.56812 0
41.25536 -8.56819 0
41.25482 -8.56831 0
41.25422 -8.56841 0
41.25372 -8.56847 0
41.25322 -8.56851 0
41.25234 -8.56852 0
41.25145 -8.56842 0
41.25083 -8.56833 0
41.24993 -8.56811 0
41.24875 -8.5677 0
41.2485 -8.56758 0
41.24792 -8.56733 0
41.24679 -8.5667 0
41.24649 -8.56657 0
41.24608 -8.56637 0
41.2442 -8.56535 0
41.24371 -8.56511 0
41.24276 -8.56473 0
41.2425 -8.56461 0
41.24206 -8.5645 0
41.24132 -8.56437 0
41.24065 -8.5643 0
41.24034 -8.56428 0
41.23977 -8.56427 0
41.23935 -8.5643 0
41.23924 -8.5643 0
41.23872 -8.56435 0
41.23822 -8.56442 0
41.23753 -8.56456 0
41.23744 -8.56459 0
41.23696 -8.56471 0
41.23609 -8.56502 0
41.23539 -8.56532 0
41.23509 -8.56547 0
41.23436 -8.56588 0
41.23399 -8.56611 0
41.23323 -8.56664 0
41.23296 -8.56686 0
41.23209 -8.56762 0
41.23012 -8.56961 0
41.22967 -8.57004 0
41.22943 -8.57025 0
41.2285 -8.57094 0
41.22783 -8.57136 0
41.22686 -8.57185 0
41.22644 -8.57202 0
41.22537 -8.57238 0
41.22517 -8.57243 0
41.22415 -8.57274 0
41.22389 -8.57284 0
41.22362 -8.57296 0
41.22311 -8.57324 0
41.2229 -8.57338 0
41.22248 -8.57369 0
41.22227 -8.57386 0
41.22159 -8.57434 0
41.22126 -8.57454 0
41.22089 -8.57472 0
41.22044 -8.57489 0
41.22022 -8.57496 0
41.22009 -8.57498 0
41.21987 -8.57504 0
41.21973 -8.57506 0
41.2196 -8.57509 0
41.21676 -8.57558 0
41.21608 -8.57577 0
41.21561 -8.57595 0
41.21505 -8.57622 0
41.21479 -8.57637 0
41.21423 -8.57674 0
41.21375 -8.57712 0
41.21287 -8.57792 0
41.21272 -8.57807 0
41.20929 -8.58123 0
41.20882 -8.58161 0
41.20844 -8.58189 0
41.20799 -8.58218 0
41.20754 -8.58242 0
41.20716 -8.5826 0
41.20676 -8.58276 0
41.20634 -8.58291 0
41.20438 -8.58349 0
41.20424 -8.58352 0
41.20334 -8.58382 0
41.20302 -8.58395 0
41.20246 -8.58426 0
41.20228 -8.58439 0
41.20224 -8.58441 0
41.20191 -8.58466 0
41.20191 -8.58467 0
41.20172 -8.58483 0
41.20137 -8.58516 0
41.20102 -8.58555 0
41.19981 -8.58681 0
41.19948 -8.58711 0
41.19908 -8.58744 0
41.19879 -8.58766 0
41.19691 -8.58883 0
41.19668 -8.58899 0
41.19603 -8.58952 0
41.19549 -8.59 0
41.19464 -8.59089 0
41.19434 -8.59118 0
41.1941 -8.59139 0
41.19376 -8.59163 0
41.19356 -8.59175 0
41.19346 -8.5918 0
41.19343 -8.59181 0
41.19256 -8.5922 0
41.19214 -8.59243 0
41.19182 -8.59266 0
41.19151 -8.59293 0
41.19064 -8.59383 0
41.19032 -8.59411 0
41.19011 -8.59427 0
41.18976 -8.59449 0
41.18953 -8.59461 0
41.18913 -8.59476 0
41.1889 -8.59483 0
41.18874 -8.59486 0
41.18837 -8.5949 0
41.18811 -8.59491 0
41.18785 -8.5949 0
41.18748 -8.59484 0
41.18592 -8.59435 0
41.18511 -8.59407 0
41.18273 -8.59332 0
41.1824 -8.59324 0
41.18202 -8.59317 0
41.18169 -8.59313 0
41.18112 -8.5931 0
41.18079 -8.59312 0
41.18038 -8.59329 0
41.18029 -8.59335 0
41.18025 -8.59339 0
41.18017 -8.5935 0
41.18012 -8.59361 0
41.18011 -8.59365 0
41.18011 -8.59369 0
41.1801 -8.59372 0
41.18009 -8.59377 0
41.18009 -8.59394 0
41.1801 -8.59397 0
41.1801 -8.59401 0
41.18013 -8.5941 0
41.18014 -8.59412 0
41.18016 -8.5942 0
41.18024 -8.59432 0
41.18031 -8.59439 0
41.18041 -8.59445 0
41.18046 -8.59447 0
41.1805 -8.59448 0
41.18063 -8.59448 0
41.18067 -8.59447 0
41.18081 -8.59439 0
41.18087 -8.59433 0
41.1809 -8.59429 0
41.18099 -8.59412 0
41.18102 -8.59398 0
41.18102 -8.59393 0
41.18103 -8.59386 0
41.18102 -8.59381 0
41.18102 -8.59375 0
41.181 -8.59363 0
41.18098 -8.59356 0
41.18097 -8.59355 0
41.18097 -8.59341 0
41.18042 -8.59207 0
41.18032 -8.59196 0
41.18022 -8.59181 0
41.18016 -8.59174 0
41.18011 -8.5917 0
41.18005 -8.59168 0
41.18003 -8.59166 0
41.17995 -8.59164 0
41.17983 -8.59164 0
41.1798 -8.59165 0
41.17976 -8.59167 0
41.1797 -8.59169 0
41.17968 -8.59171 0
41.17965 -8.59173 0
41.17959 -8.59179 0
41.17956 -8.59183 0
41.17948 -8.59197 0
41.17944 -8.59211 0
41.17943 -8.5922 0
41.17943 -8.59235 0
41.17948 -8.59256 0
41.1795 -8.59259 0
41.17951 -8.59262 0
41.17953 -8.59265 0
41.17955 -8.59269 0
41.17958 -8.59272 0
41.1796 -8.59275 0
41.17963 -8.59278 0
41.17966 -8.5928 0
41.17968 -8.59282 0
41.17971 -8.59283 0
41.17974 -8.59285 0
41.17978 -8.59287 0
41.17983 -8.59288 0
41.17988 -8.5929 0
41.18001 -8.59298 0
41.18068 -8.59291 0
41.181 -8.59289 0
41.18113 -8.59289 0
41.18185 -8.59295 0
41.18224 -8.59301 0
41.18267 -8.5931 0
41.18335 -8.5933 0
41.1866 -8.59435 0
41.18721 -8.59457 0
41.1876 -8.59466 0
41.18797 -8.59471 0
41.18838 -8.59471 0
41.18877 -8.59467 0
41.18906 -8.59459 0
41.18956 -8.59439 0
41.18977 -8.59428 0
41.19001 -8.59413 0
41.19061 -8.59361 0
41.19142 -8.59276 0
41.19173 -8.5925 0
41.19209 -8.59224 0
41.19224 -8.59215 0
41.19287 -8.59185 0
41.19317 -8.59173 0
41.19338 -8.59163 0
41.19377 -8.59141 0
41.19407 -8.59119 0
41.19455 -8.59073 0
41.19544 -8.5898 0
41.19563 -8.58962 0
41.19634 -8.58902 0
41.19673 -8.58873 0
41.1973 -8.58836 0
41.19834 -8.58774 0
41.19896 -8.58731 0
41.19939 -8.58696 0
41.19979 -8.58658 0
41.20139 -8.58492 0
41.20152 -8.5848 0
41.20188 -8.5845 0
41.20217 -8.58428 0
41.20221 -8.58426 0
41.20243 -8.58411 0
41.20276 -8.58391 0
41.20302 -8.58378 0
41.20335 -8.58364 0
41.20373 -8.58351 0
41.20648 -8.5827 0
41.20706 -8.58248 0
41.20719 -8.58242 0
41.20722 -8.5824 0
41.20749 -8.58227 0
41.20809 -8.58194 0
41.20841 -8.58173 0
41.20907 -8.58123 0
41.21363 -8.57703 0
41.2139 -8.57681 0
41.21459 -8.57632 0
41.21512 -8.57601 0
41.21564 -8.57577 0
41.21621 -8.57556 0
41.21646 -8.57549 0
41.21719 -8.57533 0
41.21958 -8.57493 0
41.22018 -8.5748 0
41.22036 -8.57475 0
41.22059 -8.57467 0
41.22091 -8.57454 0
41.22116 -8.57442 0
41.22155 -8.57419 0
41.22189 -8.57395 0
41.22195 -8.5739 0
41.22204 -8.57385 0
41.2221 -8.57379 0
41.22224 -8.57369 0
41.22231 -8.57363 0
41.22247 -8.57352 0
41.2226 -8.57341 0
41.22267 -8.57337 0
41.22281 -8.57326 0
41.22312 -8.57306 0
41.22348 -8.57286 0
41.22374 -8.57273 0
41.22388 -8.57267 0
41.22448 -8.57246 0
41.22511 -8.57229 0
41.22578 -8.57208 0
41.22579 -8.57208 0
41.22587 -8.57206 0
41.22628 -8.57191 0
41.22677 -8.57171 0
41.22728 -8.57147 0
41.2279 -8.57114 0
41.2284 -8.57082 0
41.22936 -8.57012 0
41.23022 -8.56931 0
41.23145 -8.56805 0
41.23239 -8.56715 0
41.23303 -8.56662 0
41.23353 -8.56624 0
41.23401 -8.56592 0
41.23482 -8.56544 0
41.23518 -8.56526 0
41.23532 -8.56512 0
41.23572 -8.56488 0
41.236 -8.56466 0
41.23628 -8.5644 0
41.23645 -8.56422 0
41.2367 -8.56389 0
41.23718 -8.56315 0
41.23728 -8.56302 0
41.23739 -8.5629 0
41.23751 -8.56279 0
41.23761 -8.56271 0
41.23922 -8.56176 0
41.2394 -8.56169 0
41.23957 -8.56161 0
41.23974 -8.56146 0
41.23987 -8.56136 0
41.23993 -8.5613 0
41.23998 -8.56124 0
41.24002 -8.56118 0
41.24009 -8.56105 0
41.24046 -8.56021 0
41.24056 -8.5599 0
41.2406 -8.55971 0
41.24063 -8.55946 0
41.24062 -8.55917 0
41.24064 -8.55902 0
41.24038 -8.55683 0
41.24041 -8.55652 0
41.23893 -8.54765 0
41.2388 -8.54714 0
41.23864 -8.54662 0
41.23841 -8.54605 0
41.2381 -8.54542 0
41.23787 -8.54503 0
41.23749 -8.54447 0
41.23363 -8.53936 0
41.23355 -8.53924 0
41.23345 -8.53912 0
41.23266 -8.53807 0
41.23248 -8.53781 0
41.23174 -8.53685 0
41.23159 -8.53662 0
41.2315 -8.5365 0
41.23133 -8.53623 0
41.23104 -8.53571 0
41.23084 -8.53527 0
41.23068 -8.53482 0
41.2305 -8.53419 0
41.2304 -8.5337 0
41.23032 -8.53304 0
41.2303 -8.53271 0
41.2303 -8.53223 0
41.23033 -8.53171 0
41.2304 -8.53106 0
41.23046 -8.53073 0
41.23048 -8.53057 0
41.23071 -8.52924 0
41.23077 -8.52876 0
41.23081 -8.52807 0
41.2308 -8.52742 0
41.23077 -8.52711 0
41.2307 -8.52661 0
41.23059 -8.52607 0
41.23041 -8.52545 0
41.22972 -8.52375 0
41.22939 -8.52284 0
41.22933 -8.52261 0
41.22932 -8.52259 0
41.22926 -8.52235 0
41.22913 -8.5217 0
41.22903 -8.52084 0
41.22902 -8.52018 0
41.22903 -8.52003 0
41.22903 -8.51987 0
41.22909 -8.51921 0
41.2292 -8.51856 0
41.22927 -8.51825 0
41.2295 -8.51748 0
41.22962 -8.51718 0
41.23002 -8.51635 0
41.23026 -8.51596 0
41.23051 -8.5156 0
41.23081 -8.51523 0
41.23114 -8.5149 0
41.2315 -8.5146 0
41.23188 -8.51433 0
41.23228 -8.51411 0
41.23267 -8.51394 0
41.23315 -8.51379 0
41.23344 -8.51373 0
41.23348 -8.51373 0
41.23349 -8.51372 0
41.23391 -8.51369 0
41.23432 -8.51369 0
41.23565 -8.51382 0
41.23621 -8.51383 0
41.2364 -8.51382 0
41.23666 -8.51379 0
41.23704 -8.51372 0
41.23731 -8.51363 0
41.2377 -8.51345 0
41.23795 -8.51332 0
41.23798 -8.51329 0
41.2384 -8.51301 0
41.23883 -8.51262 0
41.2392 -8.5122 0
41.23921 -8.51218 0
41.23949 -8.51181 0
41.24 -8.51101 0
41.24196 -8.5077 0
41.24197 -8.5077 0
41.24214 -8.50741 0
41.24258 -8.50651 0
41.24273 -8.50612 0
41.24292 -8.50542 0
41.24305 -8.5047 0
41.24311 -8.504 0
41.24312 -8.50365 0
41.24311 -8.50354 0
41.24311 -8.50328 0
41.24309 -8.50294 0
41.24295 -8.50205 0
41.24284 -8.50163 0
41.24261 -8.50095 0
41.24245 -8.50057 0
41.24169 -8.49891 0
41.24139 -8.49819 0
41.24099 -8.497 0
41.24038 -8.49485 0
41.24036 -8.49476 0
41.24024 -8.49435 0
41.24009 -8.49415 0
41.24001 -8.49401 0
41.23996 -8.49395 0
41.23989 -8.4939 0
41.23978 -8.49385 0
41.23969 -8.49385 0
41.23961 -8.49386 0
41.23956 -8.49388 0
41.23946 -8.49396 0
41.23937 -8.49407 0
41.23929 -8.49431 0
41.23929 -8.49449 0
41.23933 -8.49467 0
41.23936 -8.49474 0
41.23944 -8.49485 0
41.23952 -8.49493 0
41.23957 -8.49496 0
41.23963 -8.49497 0
41.23969 -8.49499 0
41.23976 -8.49499 0
41.23984 -8.49497 0
41.23994 -8.49497 0
41.24083 -8.49453 0
41.241 -8.49446 0
41.24107 -8.49445 0
41.24115 -8.49443 0
41.24129 -8.49443 0
41.24131 -8.49442 0
41.24162 -8.49448 0
41.24235 -8.49476 0
41.24243 -8.49478 0
41.24251 -8.49478 0
41.24258 -8.49477 0
41.24264 -8.4947 0
41.24268 -8.49467 0
41.24277 -8.49465 0
41.24281 -8.49466 0
41.24285 -8.49468 0
41.24289 -8.49471 0
41.24295 -8.4948 0
41.24297 -8.49485 0
41.24298 -8.49491 0
41.24298 -8.49496 0
41.24303 -8.49499 0
41.24324 -8.49515 0
41.246 -8.49626 0
41.24663 -8.49646 0
41.24698 -8.49654 0
41.2471 -8.49656 0
41.24764 -8.4966 0
41.24814 -8.49659 0
41.24834 -8.49656 0
41.24879 -8.49647 0
41.24972 -8.49618 0
41.25089 -8.49585 0
41.25386 -8.49495 0
41.25398 -8.4949 0
41.25416 -8.49484 0
41.25441 -8.49473 0
41.25485 -8.49451 0
41.25513 -8.49434 0
41.25514 -8.49433 0
41.25521 -8.49429 0
41.25546 -8.49411 0
41.25579 -8.49385 0
41.2563 -8.49337 0
41.25846 -8.491 0
41.25881 -8.49072 0
41.25903 -8.49057 0
41.25964 -8.49021 0
41.25966 -8.49017 0
41.26006 -8.48989 0
41.26019 -8.48974 0
41.26021 -8.48969 0
41.26021 -8.48967 0
41.26022 -8.48966 0
41.26023 -8.48964 0
41.26024 -8.48963 0
41.26019 -8.48934 0
41.26016 -8.48924 0
41.26015 -8.48918 0
41.25933 -8.48698 0
41.25929 -8.48684 0
41.25923 -8.48668 0
41.25917 -8.48641 0
41.25917 -8.48632 0
41.25916 -8.48626 0
41.25916 -8.48615 0
41.25925 -8.48559 0
41.25954 -8.48419 0
41.25958 -8.48394 0
41.25959 -8.48393 0
41.25961 -8.48384 0
41.25969 -8.48364 0
41.25971 -8.48361 0
41.25984 -8.48346 0
41.25991 -8.48339 0
41.26019 -8.48321 0
41.2631 -8.48117 0
41.26339 -8.48098 0
41.26341 -8.48096 0
41.26343 -8.48095 0
41.26353 -8.48088 0
41.26356 -8.48087 0
41.26359 -8.48085 0
41.26359 -8.48081 0
41.26358 -8.4808 0
41.26358 -8.48076 0
41.26359 -8.48074 0
41.26359 -8.48071 0
41.2636 -8.48069 0
41.2636 -8.48068 0
41.26361 -8.48067 0
41.26361 -8.48066 0
41.26363 -8.48064 0
41.26363 -8.48063 0
41.26364 -8.48062 0
41.26365 -8.48062 0
41.26366 -8.48061 0
41.26366 -8.4806 0
41.26367 -8.4806 0
41.26368 -8.48059 0
41.2637 -8.48059 0
41.26371 -8.48058 0
41.26375 -8.48058 0
41.26376 -8.48059 0
41.26378 -8.48059 0
41.26379 -8.4806 0
41.2638 -8.4806 0
41.26381 -8.48061 0
41.26381 -8.48062 0
41.26382 -8.48062 0
41.26384 -8.48064 0
41.26384 -8.48065 0
41.26393 -8.48051 0
41.26664 -8.47524 0
41.26687 -8.47482 0
41.26693 -8.47469 0
41.26696 -8.47465 0
41.26866 -8.47131 0
41.26884 -8.47102 0
41.26904 -8.47081 0
41.26946 -8.47047 0
41.26965 -8.47033 0
41.26971 -8.4703 0
41.26972 -8.47029 0
41.27105 -8.46995 0
41.27127 -8.46992 0
41.27245 -8.46991 0
41.27258 -8.4699 0
41.27274 -8.46987 0
41.27286 -8.46983 0
41.27299 -8.46974 0
41.27372 -8.46914 0
41.27415 -8.46881 0
41.27435 -8.46864 0
41.27457 -8.46849 0
41.27474 -8.46844 0
41.27484 -8.46842 0
41.27496 -8.46844 0
41.27514 -8.46849 0
41.27781 -8.46952 0
41.27856 -8.46983 0
41.27869 -8.46986 0
41.27878 -8.46989 0
41.27898 -8.46992 0
41.27907 -8.46992 0
41.27985 -8.46983 0
41.28018 -8.46978 0
41.28032 -8.46978 0
41.28039 -8.4698 0
41.28247 -8.47015 0
41.28255 -8.47018 0
41.2827 -8.47022 0
41.28283 -8.47028 0
41.28292 -8.47034 0
41.28296 -8.47036 0
41.28408 -8.47118 0
41.28425 -8.47129 0
41.28426 -8.47129 0
41.28445 -8.47139 0
41.28478 -8.47152 0
41.28517 -8.47165 0
41.28603 -8.47197 0
41.28627 -8.47204 0
41.28652 -8.47204 0
41.28672 -8.47199 0
41.28824 -8.47148 0
41.28839 -8.47142 0
41.28853 -8.47138 0
41.28914 -8.47116 0
41.28915 -8.47176 0
41.28935 -8.47242 0
41.28935 -8.47247 0
41.28936 -8.47252 0
41.28936 -8.47262 0
41.28935 -8.47269 0
41.28935 -8.47275 0
41.28929 -8.47293 0
41.28917 -8.47342 0
41.28912 -8.47354 0
41.29045 -8.47474 0
41.29073 -8.47504 0
41.29097 -8.47522 0
41.29106 -8.47533 0
41.29112 -8.47542 0
41.29115 -8.4755 0
41.29116 -8.47554 0
41.29116 -8.47558 0
41.29117 -8.47564 0
41.29117 -8.47571 0
41.2912 -8.4758 0
41.29123 -8.47585 0
41.29129 -8.47593 0
41.29137 -8.47599 0
41.29139 -8.476 0
41.2914 -8.47601 0
41.29142 -8.47601 0
41.29147 -8.47603 0
41.29154 -8.47603 0
41.29159 -8.47602 0
41.29164 -8.47602 0
41.29168 -8.47601 0
41.29172 -8.47602 0
41.29176 -8.47602 0
41.2918 -8.47603 0
41.29184 -8.47605 0
41.29185 -8.47605 0
41.29187 -8.47607 0
41.29196 -8.47614 0
41.29197 -8.47616 0
41.29203 -8.47619 0
41.29206 -8.47618 0
41.29209 -8.47618 0
41.2921 -8.47617 0
41.29214 -8.47617 0
41.2922 -8.47615 0
41.29228 -8.47615 0
41.29257 -8.47619 0
41.29318 -8.4762 0
41.29341 -8.47625 0
41.29358 -8.47631 0
41.2936 -8.47632 0
41.29364 -8.47635 0
41.29419 -8.47697 0
41.29432 -8.47713 0
41.29433 -8.47713 0
41.29434 -8.47714 0
41.29437 -8.47716 0
41.2946 -8.47724 0
41.29477 -8.47732 0
