41.3363777 -8.5575692 0
41.33662770000001 -8.557350399999999 0
41.3369168 -8.557111899999999 0
41.3369791 -8.5570281 0
41.337071099999996 -8.5568637 0
41.3372108 -8.5566256 0
41.337496599999994 -8.5561235 0
41.3377882 -8.555598499999999 0
41.337981 -8.555262299999999 0
41.338044999999994 -8.555144099999998 0
41.3380966 -8.555075400000002 0
41.3381425 -8.554862999999997 0
41.3381413 -8.554797899999999 0
41.338124199999996 -8.5545855 0
41.3381202 -8.554341299999999 0
41.3381135 -8.554100499999999 0
41.338091399999996 -8.5540592 0
41.33804629999999 -8.554011899999999 0
41.3380836 -8.5538071 0
41.3381401 -8.5535994 0
41.3381946 -8.553431600000001 0
41.3382856 -8.553474500000002 0
41.338394799999996 -8.553553899999999 0
41.3390067 -8.554007799999999 0
41.339026200000006 -8.5540294 0
41.339039799999995 -8.5540517 0
41.3390591 -8.554091999999999 0
41.3391283 -8.5540678 0
41.3392266 -8.5540108 0
41.339280599999995 -8.5539662 0
41.339362 -8.5538873 0
41.3394057 -8.5538406 0
41.33944530000001 -8.5538024 0
41.3396536 -8.5535553 0
41.3397743 -8.553398099999999 0
41.33984389999999 -8.5533246 0
41.339880900000004 -8.553268899999999 0
41.339901000000005 -8.553226100000002 0
41.339915999999995 -8.5531807 0
41.339947699999996 -8.553047099999999 0
41.3400316 -8.552708299999999 0
41.340123 -8.5524148 0
41.34016119324451 -8.552275348185175 0
41.340196399999996 -8.5521468 0
41.3402179 -8.5520581 0
41.3404488 -8.5521506 0
41.3407112 -8.5522293 0
41.34083150000001 -8.552253499999999 0
41.3409244 -8.5522872 0
41.341005599999995 -8.552335000000001 0
41.3415796 -8.5527636 0
41.3416005 -8.552697 0
41.3416363 -8.552605699999999 0
41.341673099999994 -8.552523899999999 0
41.34169819999999 -8.552458499999998 0
41.341706699999996 -8.5524148 0
41.3417946 -8.5516831 0
41.3418469 -8.5512673 0
41.3418823 -8.5509649 0
41.34191560000001 -8.5506982 0
41.3419522 -8.5504633 0
41.341988199999996 -8.5502568 0
41.342043100000005 -8.5500168 0
41.3420448 -8.5499765 0
41.342042299999996 -8.549952 0
41.3420286 -8.549899700000001 0
41.3420031 -8.5498537 0
41.34197770000001 -8.549823300000002 0
41.3419471 -8.549780300000002 0
41.3418967 -8.5497284 0
41.3418776 -8.549703100000002 0
41.3418751 -8.5496813 0
41.341882399999996 -8.549650699999999 0
41.3421071 -8.5488406 0
41.3422165 -8.5484818 0
41.342246200000005 -8.5484115 0
41.342265499999996 -8.5484276 0
41.342284899999996 -8.5484517 0
41.3424064 -8.5485849 0
41.34243068202025 -8.54861491854494 0
41.3424373 -8.5486231 0
41.3424793 -8.5486766 0
41.3425066 -8.5486305 0
41.3426106 -8.5484073 0
41.342673 -8.5482782 0
41.342723899999996 -8.548195699999999 0
41.3427887 -8.548091600000001 0
41.342837800000005 -8.548008900000001 0
41.220693 -8.5426729 0
41.2204827 -8.542682599999997 0
41.2204316 -8.5426927 0
41.2204474 -8.5426463 0
41.22045800000001 -8.542598000000002 0
41.220504999999996 -8.542270699999998 0
41.220524399999995 -8.5421178 0
41.220524499999996 -8.5420827 0
41.220518 -8.542050099999999 0
41.2204889 -8.5420058 0
41.2202579 -8.5417755 0
41.2202866 -8.541705499999999 0
41.220354199999996 -8.5415675 0
41.22036779999999 -8.5415469 0
41.22038839999999 -8.5415264 0
41.22040320000001 -8.5415069 0
41.2205092 -8.541292000000002 0
41.2205271 -8.541249199999998 0
41.2205355 -8.541223700000002 0
41.220541499999996 -8.541198099999999 0
41.2205368 -8.5411862 0
41.2205246 -8.5411693 0
41.22049079999999 -8.5411314 0
41.2203988 -8.5410407 0
41.22030249999999 -8.5409538 0
41.2200141 -8.540684299999999 0
41.2199385 -8.5406008 0
41.2199 -8.540566499999999 0
41.2198313 -8.5405169 0
41.219752400000004 -8.540482599999999 0
41.2197824 -8.5404337 0
41.2199151 -8.540262799999999 0
41.219954699999995 -8.540196999999997 0
41.2202166 -8.5398529 0
41.220333700000005 -8.539692100000002 0
41.2203667 -8.539641099999999 0
41.2204717 -8.5394749 0
41.220588400000004 -8.5392744 0
41.22061659999999 -8.5392195 0
41.2206246 -8.5391986 0
41.220632099999996 -8.539172899999999 0
41.22075658492078 -8.536988994159591 0
41.2207547 -8.5369821 0
41.22071 -8.536904799999999 0
41.220624 -8.536766199999999 0
41.220536499999994 -8.536632499999998 0
41.2204376 -8.536475099999999 0
41.22038959538281 -8.536400699607727 0
41.2202992 -8.536260600000002 0
41.220269699999996 -8.536216999999999 0
41.22023869999999 -8.536182 0
41.2202067 -8.536154000000002 0
41.220114599999995 -8.5364322 0
41.22006079999999 -8.5366094 0
41.2200239 -8.5365643 0
41.219980299999996 -8.5365286 0
41.219921899999996 -8.5365029 0
41.2198543 -8.5364817 0
41.2198026 -8.536441199999999 0
41.219760099999995 -8.5363612 0
41.2197221 -8.536227600000002 0
41.21970030000001 -8.536086899999999 0
41.2196934 -8.535980100000002 0
41.2197037 -8.535839800000002 0
41.2198364 -8.535440500000002 0
41.2199317 -8.5352578 0
41.2200071 -8.535076499999999 0
41.2201242 -8.534707899999997 0
41.220150000000004 -8.5346167 0
41.2201567 -8.5345225 0
41.220139599999996 -8.53443 0
41.2200938 -8.5342758 0
41.2200394 -8.534143499999999 0
41.219860745168724 -8.533814254027357 0
41.2198446 -8.533784500000001 0
41.21974530000001 -8.5336194 0
41.2197271 -8.5335846 0
41.2196985 -8.5335353 0
41.2195592 -8.5332578 0
41.21955476630613 -8.533249511459315 0
41.15164797612559 -8.394689887012044 0
41.16637580873493 -8.583818508106484 0
41.166333099999996 -8.583721 0
41.1662667 -8.5835816 0
41.16618369999999 -8.583422099999998 0
41.166080699999995 -8.583261099999998 0
41.1660149 -8.5831728 0
41.1659386 -8.583076499999999 0
41.165852799999996 -8.582981199999999 0
41.1657596 -8.5828881 0
41.165707499999996 -8.582833699999998 0
41.1656536 -8.582784900000002 0
41.1654744 -8.5826419 0
41.1652411 -8.582490199999999 0
41.165048299999995 -8.582373 0
41.1646241 -8.582129199999999 0
41.1644304 -8.582019099999998 0
41.16436069999999 -8.5819756 0
41.1637608 -8.5816309 0
41.1634793 -8.5814733 0
41.1632691 -8.581364299999999 0
41.163145816112234 -8.581315496720624 0
41.16303719999999 -8.581272499999997 0
41.162880099999995 -8.5812267 0
41.162753099999996 -8.581203100000002 0
41.16270972011605 -8.581197812227721 0
41.1626243 -8.5811874 0
41.1625041 -8.581181899999999 0
41.1623862 -8.581186100000002 0
41.162337900000004 -8.5811941 0
41.16226349058915 -8.581202634850028 0
41.16221410000001 -8.5812083 0
41.1620206 -8.5812521 0
41.161893299999996 -8.5812904 0
41.1618708513176 -8.581300799550846 0
41.14997891137331 -8.614045414586995 0
41.149978499999996 -8.6140624 0
41.149958100000006 -8.6147959 0
41.150135 -8.6147664 0
41.1509693 -8.6146634 0
41.1515565 -8.6146307 0
41.151537999999995 -8.614790200000002 0
41.1515194 -8.6149309 0
41.1514864 -8.6151334 0
41.1514549 -8.615268499999999 0
41.151432 -8.615329299999999 0
41.151416999999995 -8.6153578 0
41.1513797 -8.6153861 0
41.151235899999996 -8.615805300000002 0
41.151024299999996 -8.6160262 0
41.1508781 -8.6162112 0
41.150848599999996 -8.6162541 0
41.1508325 -8.616295999999998 0
41.1508237 -8.6163431 0
41.1508093 -8.6164063 0
41.1507288 -8.616986299999999 0
41.1529108 -8.6135342 0
41.1525084 -8.6180694 0
41.153775599999996 -8.613257399999998 0
41.1537526 -8.6131449 0
41.1537316 -8.6130987 0
41.153719699999996 -8.613056600000002 0
41.1537126 -8.613013099999998 0
41.1537055 -8.6128942 0
41.153696000000004 -8.6121634 0
41.1536841 -8.6120661 0
41.1536519 -8.611949100000002 0
41.1536384 -8.611902299999997 0
41.1536315 -8.611717499999997 0
41.153632099999996 -8.611514699999999 0
41.1536252 -8.611332899999999 0
41.153610799999996 -8.6109846 0
41.153604699999995 -8.610631699999997 0
41.153599899999996 -8.610233899999999 0
41.153596199999996 -8.6101108 0
41.1535951 -8.6100225 0
41.153582799999995 -8.6095739 0
41.1535813 -8.609408700000001 0
41.153580399999996 -8.6092079 0
41.153570699999996 -8.6087092 0
41.1535647 -8.6085253 0
41.153557 -8.608411000000002 0
41.1535422 -8.608308 0
41.1535157 -8.608222 0
41.15349779999999 -8.6081098 0
41.1534858 -8.6079641 0
41.15348519999999 -8.607912899999999 0
41.15348839999999 -8.607843299999999 0
41.1534828 -8.6066298 0
41.1534823 -8.606335399999999 0
41.153442399999996 -8.6053067 0
41.15344019999999 -8.605128299999999 0
41.15344150000001 -8.6048863 0
41.1534446 -8.604847399999999 0
41.1534523 -8.6048099 0
41.15347750000001 -8.604749199999999 0
41.1524709 -8.6047928 0
41.152443000000005 -8.6047993 0
41.1523608 -8.604826899999999 0
41.1518492 -8.605021699999998 0
41.1521055 -8.606032299999997 0
41.1523112 -8.606812799999998 0
41.152259 -8.606864800000002 0
41.1521773 -8.6069169 0
41.1511291 -8.6074022 0
41.1510226 -8.6069362 0
41.1510055 -8.606867399999997 0