41.1958308 -8.496148200000002 0
41.1958017 -8.496114 0
41.19534959999999 -8.4953399 0
41.195020299999996 -8.4956706 0
41.1948918 -8.495796799999999 0
41.194822200000004 -8.495870300000002 0
41.194807 -8.4958821 0
41.19479659999999 -8.4958878 0
41.194783699999995 -8.4958847 0
41.194770899999995 -8.4958709 0
41.19469129999999 -8.495747399999997 0
41.19462569999999 -8.4956592 0
41.1945833 -8.4955962 0
41.194554 -8.4955515 0
41.194480299999995 -8.495427899999997 0
41.1943876 -8.4952586 0
41.1926188 -8.490659500000001 0
41.18923849999999 -8.4879316 0
41.1892335 -8.4879116 0
41.1892348 -8.487890700000001 0
41.1892406 -8.4878736 0
41.18933669999999 -8.487701699999999 0
41.1885941 -8.4868921 0
41.1884073 -8.4866873 0
41.187615400000006 -8.485815 0
41.18759289999999 -8.485796599999999 0
41.1875664 -8.4857812 0
41.18753830000001 -8.4857712 0
41.1875121 -8.4857678 0
41.187481600000005 -8.485773000000002 0
41.187456499999996 -8.485784700000002 0
41.18737730000001 -8.4858346 0
41.187324 -8.4858686 0
41.187275199999995 -8.485900100000002 0
41.1871012 -8.486002099999999 0
41.1870681 -8.486014899999997 0
41.1870279 -8.4860214 0
41.1869905 -8.486018999999999 0
41.18695949999999 -8.4860107 0
41.186943 -8.4860039 0
41.186740699999994 -8.485852399999997 0
41.186520099999996 -8.4856821 0
41.18645809999999 -8.4856126 0
41.186435900000006 -8.4855704 0
41.1864154 -8.485511899999997 0
41.1864031 -8.4854436 0
41.1863925 -8.4853147 0
41.1863763 -8.485184199999999 0
41.186367499999996 -8.4851261 0
41.186329199999996 -8.4849825 0
41.186278900000005 -8.4850581 0
41.1862217 -8.4851323 0
41.1861588 -8.4852229 0
41.185977199999996 -8.4855202 0
41.1858374 -8.4857471 0
41.1857568 -8.485882799999997 0
41.1856859 -8.486000799999998 0
41.1855297 -8.4862544 0
41.1853805 -8.4865003 0
41.1853014 -8.486628599999998 0
41.1852315 -8.4865473 0
41.185044600000005 -8.486341399999999 0
41.1849381 -8.4862196 0
41.1848418 -8.4861018 0
41.184779000000006 -8.4860118 0
41.18472080000001 -8.4859159 0
41.1846268 -8.485728 0
41.1845893 -8.4856386 0
41.1844843 -8.485416299999999 0
41.1844331 -8.485307699999998 0
41.1844 -8.4852429 0
41.1843575 -8.485176899999999 0
41.184066099999995 -8.484570399999997 0
41.18394729999999 -8.4843374 0
41.1839058 -8.4842634 0
41.1837339 -8.483850400000001 0
41.183651700000006 -8.4836841 0
41.183618627986135 -8.483629420341828 0
41.1835666 -8.483543400000002 0
41.1833867 -8.4837299 0
41.1833592 -8.483629999999998 0
41.1833459 -8.4835649 0
41.18333930000001 -8.4835173 0
41.183328200000005 -8.4834606 0
41.1833111 -8.483417200000002 0
41.18328289999999 -8.4833722 0
41.1830122 -8.4829984 0
41.1826972 -8.482572500000002 0
41.18265201461185 -8.482516427066141 0
41.18260050000001 -8.482452499999999 0
41.1825269 -8.4823722 0
41.1820738 -8.482948 0
41.1819865 -8.483058900000001 0
41.1816865 -8.4826605 0
41.1815534 -8.4824863 0
41.181468599999995 -8.4823642 0
41.1814365 -8.4823151 0
41.181407799999995 -8.4822664 0
41.181384400000006 -8.4822151 0
41.1813597 -8.482150500000001 0
41.1813384 -8.4820729 0
41.181325199999996 -8.482010899999999 0
41.1813174 -8.481959800000002 0
41.181312899999995 -8.481905499999998 0
41.181311699999995 -8.481862499999998 0
41.18131090000001 -8.4818315 0
41.181317299999996 -8.481772099999999 0
41.18132790000001 -8.481712500000002 0
41.181348899999996 -8.481633500000001 0
41.18137 -8.481572 0
41.1813929 -8.481520699999999 0
41.1815274 -8.481244099999998 0
41.1816105 -8.481079200000002 0
41.1817 -8.4808957 0
41.1818007 -8.4806939 0
41.18183059999999 -8.480622 0
41.18184 -8.4805918 0
41.18184168460183 -8.48058176357857 0
41.181847100000006 -8.4805495 0
41.181850399999995 -8.4805066 0
41.18184769999999 -8.4804616 0
41.1818449 -8.480446799999998 0
41.1818334 -8.4804032 0
41.1818086 -8.4803388 0
41.1817895 -8.4803044 0
41.181764799999996 -8.4802704 0
41.1817346 -8.480239 0
41.18156620575705 -8.48009878700174 0
41.1813958 -8.4799569 0
41.181250299999995 -8.4798293 0
41.181011399999996 -8.479633800000002 0
41.18093009999999 -8.479563599999999 0
41.180887 -8.4795224 0
41.18106529999999 -8.4792414 0
41.004950072528885 -8.644030157275544 0
41.00471449999999 -8.6440361 0
41.0040007 -8.6439543 0
41.0039988 -8.6441052 0
41.0039989 -8.644155999999999 0
41.003993 -8.6445659 0
41.00310931781688 -8.644582957992142 0
41.0030916 -8.644583299999997 0
41.00140700000001 -8.6445633 0
41.0014899 -8.6439107 0
41.0014891 -8.643897299999999 0
41.001485100000004 -8.643879199999999 0
41.001474599999995 -8.643868399999997 0
41.001106799999995 -8.643752000000001 0
41.0009246 -8.6437046 0
41.0006083 -8.6436203 0
41.0004 -8.643570999999998 0
40.9996294 -8.6433648 0
40.98785247236685 -8.639890966081632 0
40.9878442 -8.639888899999997 0
40.987129200000005 -8.639744199999999 0
40.9860249 -8.639479999999999 0
40.9857979 -8.6394294 0
40.9857076 -8.639406600000001 0
40.9855228 -8.639348300000002 0
40.9854451 -8.639318599999998 0
40.985428999999996 -8.6393062 0
40.98542200000001 -8.6392946 0
40.9854103 -8.639263099999999 0
40.9854043 -8.639225299999998 0
40.9853588 -8.638948899999999 0
40.9853422 -8.638895999999999 0
40.9853093 -8.638820500000001 0
40.98527179999999 -8.638748099999999 0
40.9851052 -8.6385126 0
40.9850634 -8.6384475 0
40.985020000000006 -8.6383861 0
40.9849908 -8.6383273 0
40.9849746 -8.638268900000002 0
40.984960199999996 -8.6381963 0
40.9849488 -8.638081 0
41.21313958564352 -8.554356138644268 0
41.2134621 -8.554219699999999 0
41.2137866 -8.5540941 0
41.2139573 -8.554044 0
41.213980500000005 -8.5540408 0
41.21407129999999 -8.5540135 0
41.21419530000001 -8.5539863 0
41.214552399999995 -8.553913 0
41.2148319 -8.5538609 0
41.214931799999995 -8.5538452 0
41.215030399999996 -8.5538366 0
41.215084499999996 -8.553836099999998 0
41.2152064 -8.5538397 0
41.2155626 -8.553862400000002 0
41.2155819 -8.5537358 0
41.2156559 -8.553298 0
41.215695499999995 -8.553124 0
41.21575019999999 -8.5530299 0
41.2161788 -8.5524854 0
41.216217099999994 -8.552441199999999 0
41.2163106 -8.5523179 0
41.2164058 -8.552175799999999 0
41.2164678 -8.552072899999999 0
41.2165232 -8.5519734 0
41.2166984 -8.551681799999999 0
41.2167469 -8.5516295 0
41.21715340000001 -8.5519489 0
41.2171886 -8.551982099999998 0
41.21721129999999 -8.5519988 0
41.2172412 -8.5520134 0
41.2178107 -8.5521802 0
41.218064999999996 -8.552304099999999 0
41.219011800000004 -8.553039000000002 0
41.219177200000004 -8.553165699999997 0
41.2193026 -8.5532713 0
41.219513299999996 -8.553436099999999 0
41.21960010000001 -8.5535263 0
41.2196462 -8.5535848 0
41.2196596 -8.553604199999999 0
41.2197117 -8.5536661 0
41.21973829999999 -8.5537023 0
41.2197576 -8.553735999999999 0
41.2197885 -8.5537847 0
41.2198421 -8.553855400000002 0
41.2198917 -8.5539136 0
41.2199412 -8.5539632 0
41.2200117 -8.5539346 0
41.2201413 -8.553869900000002 0
41.2202099 -8.553830000000001 0
41.2203006 -8.5537661 0
41.22034490000001 -8.5537303 0
41.2205357 -8.5535854 0
41.22058029999999 -8.5535461 0
41.220623 -8.553501899999999 0
41.2206635 -8.553455099999999 0
41.220723099999994 -8.5533716 0
41.2207616 -8.5533085 0
41.2208151 -8.553213500000002 0
41.2208348 -8.5531973 0
41.220852099999995 -8.5531924 0
41.2209145 -8.553193199999999 0
41.220869500000006 -8.553162300000002 0
41.22064139999999 -8.552929399999998 0
41.220566 -8.552854 0
41.220507999999995 -8.5527906 0
41.2204639 -8.5527292 0
41.2205153 -8.5526401 0
41.2208149 -8.5521498 0
41.2209293 -8.551965399999998 0
41.221055 -8.5517547 0
41.22117180000001 -8.5515631 0
41.2215486 -8.5509579 0
41.22157560000001 -8.550878599999999 0
41.22156979999999 -8.5508285 0
41.2215552 -8.5507844 0
41.222261599999996 -8.550270099999999 0
41.22227060000001 -8.5503001 0
41.2222923 -8.550334399999999 0
41.22234809999999 -8.550410099999999 0
41.2224786 -8.5505763 0
41.2225228 -8.5506415 0
41.222574 -8.5507274 0
41.2226056 -8.550784199999997 0
41.22263789999999 -8.5508477 0
41.2226832 -8.5509413 0
41.2227463 -8.5511009 0
41.2228083 -8.5513292 0
41.222831299999996 -8.5514084 0
41.2228731 -8.551524299999999 0
41.22289920000001 -8.551587000000001 0
41.222922 -8.551631000000002 0
41.222946 -8.551667199999999 0
41.2229756 -8.551702700000002 0
41.223014899999995 -8.551738 0
41.22325010000001 -8.5518904 0
41.223297599999995 -8.551915 0
41.22344340000001 -8.551981500000002 0
41.2235565 -8.5520371 0
41.2236051 -8.5520645 0
41.2236792 -8.5521125 0
41.2237302 -8.552150600000001 0
41.223787699999995 -8.5522042 0
41.2238816 -8.5523032 0
41.22390319999999 -8.5523214 0
41.2239326 -8.552337399999999 0
41.2239602 -8.552351299999998 0
41.2239734 -8.5523618 0
41.223985 -8.5523744 0
41.223999500000005 -8.552397100000002 0
41.22408449999999 -8.552600599999998 0
41.224140899999995 -8.552744899999999 0
41.224157399999996 -8.5528054 0
41.2251014 -8.5537768 0
41.22508129999999 -8.553815299999998 0
41.2250612 -8.553847 0
41.225052399999996 -8.5538707 0
41.225046600000006 -8.553889800000002 0
41.2250301 -8.5539237 0
41.2250089 -8.5539527 0
41.224789099999995 -8.5541688 0
41.2244986 -8.5544491 0
41.2244022 -8.554533300000001 0
41.2243699 -8.554571 0
41.224343 -8.5546145 0
41.2244715 -8.554708800000002 0
41.22480409999999 -8.554936799999998 0
41.22483080000001 -8.554957900000002 0
41.22485950000001 -8.554974099999999 0
41.224892100000005 -8.5549854 0
41.224952699999996 -8.5549111 0
41.2250824 -8.5547606 0
41.225222200000005 -8.554602699999998 0
41.2254698 -8.5543303 0
41.2256472 -8.554159199999997 0
41.22567839999999 -8.5541322 0
41.2257949 -8.5540509 0
41.22587910000001 -8.5540098 0
41.225943799999996 -8.553984 0
41.2260162 -8.553958900000001 0
41.2261087 -8.553940200000001 0
41.22627219999999 -8.5539258 0
41.2263816 -8.5539264 0
41.2265715 -8.5539364 0
41.226911199999996 -8.5539631 0
41.2273323 -8.5540062 0
41.2282675 -8.554061099999998 0
41.2285359 -8.554090100000002 0
41.228737800000005 -8.554103200000002 0
41.228758899999995 -8.5541061 0
41.2288673 -8.5541143 0
41.228907899999996 -8.554117599999998 0
41.229664199999995 -8.554168599999999 0
41.2302964 -8.5542033 0
41.230640199999996 -8.554217999999999 0
41.23077489999999 -8.554209000000002 0
41.230936199999995 -8.5541847 0
41.230993999999995 -8.5541725 0
41.23110129999999 -8.554143699999997 0
41.231211099999996 -8.5541111 0
41.231303 -8.5540791 0
41.231416100000004 -8.554032200000002 0
41.23148236594326 -8.55399976391806 0
41.2315207 -8.553980999999999 0
41.231649 -8.5539104 0
41.23173819999999 -8.553856399999999 0
41.231817299999996 -8.553797099999999 0
41.2319319 -8.553706299999998 0
41.2320531 -8.5536031 0
41.236031499999996 -8.555932199999999 0
41.2399346 -8.556655999999998 0
41.24245119999999 -8.5571514 0
41.2435147 -8.557478099999999 0
41.328634540760646 -8.55923403508691 0
41.328688799999995 -8.5592585 0
41.3287256 -8.5593307 0
41.32872793611789 -8.55933731587835 0
41.3287506 -8.559401500000002 0
41.3287506 -8.5594881 0
41.32873430000001 -8.5596253 0
41.3286085 -8.5601234 0
41.3285598 -8.5602865 0
41.32856629999999 -8.560354400000001 0
41.328587899999995 -8.5603977 0
41.329238499999995 -8.5606879 0
41.32924773760784 -8.56071030219516 0
41.33457103390646 -8.558997942975893 0
41.334645699999996 -8.5589754 0
41.334782499999996 -8.558911199999999 0
41.33491659592199 -8.558817585958469 0
41.3349733 -8.558778 0
41.3350917 -8.5586676 0
41.33514100000001 -8.5586311 0
41.3353771 -8.558447899999999 0
41.335650300000005 -8.558203599999999 0
41.3358548 -8.5580417 0
41.3360658 -8.5578661 0
41.336138145684224 -8.557798543044866 0
41.3362894 -8.557657299999997 0
41.33634039999999 -8.557607999999998 0